0.005	1.0	
0.049	1.0
0.122	1.667
0.244	1.333
0.366	1.833
0.488	1.667	
2.441	5.833
4.883	17.500	
7.324	47.083
8.545	83.500
9.766	133.000
12.207	180.250
14.648	189.750	
19.531	191.167
24.414	191.333


#2048	10		0.005	1.0	
#2048	100		0.049	1.0
#2048	250		0.122	1.667
#2048	500		0.244	1.333
#2048	750		0.366	1.833
#2048	1000	0.488	1.667	
#2048	5000	2.441	5.833
#2048	10000	4.883	17.500	
#2048	15000	7.324	47.083
#2048	17500	8.545	83.500
#2048	20000	9.766	133.000
#2048	25000	12.207	180.250
#2048	30000	14.648	189.750	
#2048	40000	19.531	191.167
#2048	50000	24.414	191.333
